1,1,1,1,1,1,1,1,1,1,Tennis
1,1,1,1,1,1,1,1,0,1,Tennis
1,1,0,1,1,1,1,1,1,1,Tennis
1,1,0,1,1,1,1,1,0,1,Tennis
1,1,1,1,1,1,1,1,1,1,Boi
1,1,1,1,1,1,1,1,1,0,Boi
1,1,1,1,1,1,1,1,0,1,Boi
1,1,1,1,1,1,1,1,0,0,Boi
1,1,1,1,0,1,1,1,1,1,Boi
1,1,1,1,0,1,1,1,1,0,Boi
1,1,1,1,0,1,1,1,0,1,Boi
1,1,1,1,0,1,1,1,0,0,Boi
1,1,1,0,1,1,1,1,1,1,Boi
1,1,1,0,1,1,1,1,1,0,Boi
1,1,1,0,1,1,1,1,0,1,Boi
1,1,1,0,1,1,1,1,0,0,Boi
1,1,1,0,0,1,1,1,1,1,Boi
1,1,1,0,0,1,1,1,1,0,Boi
1,1,1,0,0,1,1,1,0,1,Boi
1,1,1,0,0,1,1,1,0,0,Boi
1,1,1,1,1,1,1,1,1,1,Ban cung
1,1,1,1,1,1,1,1,1,0,Ban cung
1,1,1,1,1,1,1,0,1,1,Ban cung
1,1,1,1,1,1,1,0,1,0,Ban cung
1,1,1,1,1,0,1,1,1,1,Ban cung
1,1,1,1,1,0,1,1,1,0,Ban cung
1,1,1,1,1,0,1,0,1,1,Ban cung
1,1,1,1,1,0,1,0,1,0,Ban cung
1,1,1,1,0,1,1,1,1,1,Ban cung
1,1,1,1,0,1,1,1,1,0,Ban cung
1,1,1,1,0,1,1,0,1,1,Ban cung
1,1,1,1,0,1,1,0,1,0,Ban cung
1,1,1,1,0,0,1,1,1,1,Ban cung
1,1,1,1,0,0,1,1,1,0,Ban cung
1,1,1,1,0,0,1,0,1,1,Ban cung
1,1,1,1,0,0,1,0,1,0,Ban cung
1,1,0,1,1,1,1,1,1,1,Ban cung
1,1,0,1,1,1,1,1,1,0,Ban cung
1,1,0,1,1,1,1,0,1,1,Ban cung
1,1,0,1,1,1,1,0,1,0,Ban cung
1,1,0,1,1,0,1,1,1,1,Ban cung
1,1,0,1,1,0,1,1,1,0,Ban cung
1,1,0,1,1,0,1,0,1,1,Ban cung
1,1,0,1,1,0,1,0,1,0,Ban cung
1,1,0,1,0,1,1,1,1,1,Ban cung
1,1,0,1,0,1,1,1,1,0,Ban cung
1,1,0,1,0,1,1,0,1,1,Ban cung
1,1,0,1,0,1,1,0,1,0,Ban cung
1,1,0,1,0,0,1,1,1,1,Ban cung
1,1,0,1,0,0,1,1,1,0,Ban cung
1,1,0,1,0,0,1,0,1,1,Ban cung
1,1,0,1,0,0,1,0,1,0,Ban cung
1,0,1,1,1,1,1,1,1,1,Ban cung
1,0,1,1,1,1,1,1,1,0,Ban cung
1,0,1,1,1,1,1,0,1,1,Ban cung
1,0,1,1,1,1,1,0,1,0,Ban cung
1,0,1,1,1,0,1,1,1,1,Ban cung
1,0,1,1,1,0,1,1,1,0,Ban cung
1,0,1,1,1,0,1,0,1,1,Ban cung
1,0,1,1,1,0,1,0,1,0,Ban cung
1,0,1,1,0,1,1,1,1,1,Ban cung
1,0,1,1,0,1,1,1,1,0,Ban cung
1,0,1,1,0,1,1,0,1,1,Ban cung
1,0,1,1,0,1,1,0,1,0,Ban cung
1,0,1,1,0,0,1,1,1,1,Ban cung
1,0,1,1,0,0,1,1,1,0,Ban cung
1,0,1,1,0,0,1,0,1,1,Ban cung
1,0,1,1,0,0,1,0,1,0,Ban cung
1,0,0,1,1,1,1,1,1,1,Ban cung
1,0,0,1,1,1,1,1,1,0,Ban cung
1,0,0,1,1,1,1,0,1,1,Ban cung
1,0,0,1,1,1,1,0,1,0,Ban cung
1,0,0,1,1,0,1,1,1,1,Ban cung
1,0,0,1,1,0,1,1,1,0,Ban cung
1,0,0,1,1,0,1,0,1,1,Ban cung
1,0,0,1,1,0,1,0,1,0,Ban cung
1,0,0,1,0,1,1,1,1,1,Ban cung
1,0,0,1,0,1,1,1,1,0,Ban cung
1,0,0,1,0,1,1,0,1,1,Ban cung
1,0,0,1,0,1,1,0,1,0,Ban cung
1,0,0,1,0,0,1,1,1,1,Ban cung
1,0,0,1,0,0,1,1,1,0,Ban cung
1,0,0,1,0,0,1,0,1,1,Ban cung
1,0,0,1,0,0,1,0,1,0,Ban cung
0,1,1,1,1,1,1,1,1,1,Ban cung
0,1,1,1,1,1,1,1,1,0,Ban cung
0,1,1,1,1,1,1,0,1,1,Ban cung
0,1,1,1,1,1,1,0,1,0,Ban cung
0,1,1,1,1,0,1,1,1,1,Ban cung
0,1,1,1,1,0,1,1,1,0,Ban cung
0,1,1,1,1,0,1,0,1,1,Ban cung
0,1,1,1,1,0,1,0,1,0,Ban cung
0,1,1,1,0,1,1,1,1,1,Ban cung
0,1,1,1,0,1,1,1,1,0,Ban cung
0,1,1,1,0,1,1,0,1,1,Ban cung
0,1,1,1,0,1,1,0,1,0,Ban cung
0,1,1,1,0,0,1,1,1,1,Ban cung
0,1,1,1,0,0,1,1,1,0,Ban cung
0,1,1,1,0,0,1,0,1,1,Ban cung
0,1,1,1,0,0,1,0,1,0,Ban cung
0,1,0,1,1,1,1,1,1,1,Ban cung
0,1,0,1,1,1,1,1,1,0,Ban cung
0,1,0,1,1,1,1,0,1,1,Ban cung
0,1,0,1,1,1,1,0,1,0,Ban cung
0,1,0,1,1,0,1,1,1,1,Ban cung
0,1,0,1,1,0,1,1,1,0,Ban cung
0,1,0,1,1,0,1,0,1,1,Ban cung
0,1,0,1,1,0,1,0,1,0,Ban cung
0,1,0,1,0,1,1,1,1,1,Ban cung
0,1,0,1,0,1,1,1,1,0,Ban cung
0,1,0,1,0,1,1,0,1,1,Ban cung
0,1,0,1,0,1,1,0,1,0,Ban cung
0,1,0,1,0,0,1,1,1,1,Ban cung
0,1,0,1,0,0,1,1,1,0,Ban cung
0,1,0,1,0,0,1,0,1,1,Ban cung
0,1,0,1,0,0,1,0,1,0,Ban cung
0,0,1,1,1,1,1,1,1,1,Ban cung
0,0,1,1,1,1,1,1,1,0,Ban cung
0,0,1,1,1,1,1,0,1,1,Ban cung
0,0,1,1,1,1,1,0,1,0,Ban cung
0,0,1,1,1,0,1,1,1,1,Ban cung
0,0,1,1,1,0,1,1,1,0,Ban cung
0,0,1,1,1,0,1,0,1,1,Ban cung
0,0,1,1,1,0,1,0,1,0,Ban cung
0,0,1,1,0,1,1,1,1,1,Ban cung
0,0,1,1,0,1,1,1,1,0,Ban cung
0,0,1,1,0,1,1,0,1,1,Ban cung
0,0,1,1,0,1,1,0,1,0,Ban cung
0,0,1,1,0,0,1,1,1,1,Ban cung
0,0,1,1,0,0,1,1,1,0,Ban cung
0,0,1,1,0,0,1,0,1,1,Ban cung
0,0,1,1,0,0,1,0,1,0,Ban cung
0,0,0,1,1,1,1,1,1,1,Ban cung
0,0,0,1,1,1,1,1,1,0,Ban cung
0,0,0,1,1,1,1,0,1,1,Ban cung
0,0,0,1,1,1,1,0,1,0,Ban cung
0,0,0,1,1,0,1,1,1,1,Ban cung
0,0,0,1,1,0,1,1,1,0,Ban cung
0,0,0,1,1,0,1,0,1,1,Ban cung
0,0,0,1,1,0,1,0,1,0,Ban cung
0,0,0,1,0,1,1,1,1,1,Ban cung
0,0,0,1,0,1,1,1,1,0,Ban cung
0,0,0,1,0,1,1,0,1,1,Ban cung
0,0,0,1,0,1,1,0,1,0,Ban cung
0,0,0,1,0,0,1,1,1,1,Ban cung
0,0,0,1,0,0,1,1,1,0,Ban cung
0,0,0,1,0,0,1,0,1,1,Ban cung
0,0,0,1,0,0,1,0,1,0,Ban cung
1,0,0,1,1,1,1,1,1,1,Cu ta
1,0,0,1,1,1,1,1,1,0,Cu ta
0,0,0,1,1,1,1,1,1,1,Cu ta
0,0,0,1,1,1,1,1,1,0,Cu ta
1,1,1,1,1,1,1,1,1,1,Chay ben
1,1,1,1,1,1,1,1,0,1,Chay ben
1,1,1,0,1,1,1,1,1,1,Chay ben
1,1,1,0,1,1,1,1,0,1,Chay ben
1,1,0,1,1,1,1,1,1,1,Chay ben
1,1,0,1,1,1,1,1,0,1,Chay ben
1,1,0,0,1,1,1,1,1,1,Chay ben
1,1,0,0,1,1,1,1,0,1,Chay ben
1,0,1,1,1,1,1,1,1,1,Chay ben
1,0,1,1,1,1,1,1,0,1,Chay ben
1,0,1,0,1,1,1,1,1,1,Chay ben
1,0,1,0,1,1,1,1,0,1,Chay ben
1,0,0,1,1,1,1,1,1,1,Chay ben
1,0,0,1,1,1,1,1,0,1,Chay ben
1,0,0,0,1,1,1,1,1,1,Chay ben
1,0,0,0,1,1,1,1,0,1,Chay ben
0,1,1,1,1,1,1,1,1,1,Chay ben
0,1,1,1,1,1,1,1,0,1,Chay ben
0,1,1,0,1,1,1,1,1,1,Chay ben
0,1,1,0,1,1,1,1,0,1,Chay ben
0,1,0,1,1,1,1,1,1,1,Chay ben
0,1,0,1,1,1,1,1,0,1,Chay ben
0,1,0,0,1,1,1,1,1,1,Chay ben
0,1,0,0,1,1,1,1,0,1,Chay ben
0,0,1,1,1,1,1,1,1,1,Chay ben
0,0,1,1,1,1,1,1,0,1,Chay ben
0,0,1,0,1,1,1,1,1,1,Chay ben
0,0,1,0,1,1,1,1,0,1,Chay ben
0,0,0,1,1,1,1,1,1,1,Chay ben
0,0,0,1,1,1,1,1,0,1,Chay ben
0,0,0,0,1,1,1,1,1,1,Chay ben
0,0,0,0,1,1,1,1,0,1,Chay ben
1,1,1,1,1,1,1,1,1,1,Dau vat
1,1,1,1,1,1,1,1,1,0,Dau vat
1,1,0,1,1,1,1,1,1,1,Dau vat
1,1,0,1,1,1,1,1,1,0,Dau vat
1,0,1,1,1,1,1,1,1,1,Dau vat
1,0,1,1,1,1,1,1,1,0,Dau vat
1,0,0,1,1,1,1,1,1,1,Dau vat
1,0,0,1,1,1,1,1,1,0,Dau vat
0,1,1,1,1,1,1,1,1,1,Dau vat
0,1,1,1,1,1,1,1,1,0,Dau vat
0,1,0,1,1,1,1,1,1,1,Dau vat
0,1,0,1,1,1,1,1,1,0,Dau vat
0,0,1,1,1,1,1,1,1,1,Dau vat
0,0,1,1,1,1,1,1,1,0,Dau vat
0,0,0,1,1,1,1,1,1,1,Dau vat
0,0,0,1,1,1,1,1,1,0,Dau vat
1,1,1,1,1,1,1,1,1,1,Boxing
1,1,1,1,1,1,1,1,0,1,Boxing
1,1,1,1,1,1,0,1,1,1,Boxing
1,1,1,1,1,1,0,1,0,1,Boxing
1,1,1,1,0,1,1,1,1,1,Boxing
1,1,1,1,0,1,1,1,0,1,Boxing
1,1,1,1,0,1,0,1,1,1,Boxing
1,1,1,1,0,1,0,1,0,1,Boxing
1,1,1,0,1,1,1,1,1,1,Boxing
1,1,1,0,1,1,1,1,0,1,Boxing
1,1,1,0,1,1,0,1,1,1,Boxing
1,1,1,0,1,1,0,1,0,1,Boxing
1,1,1,0,0,1,1,1,1,1,Boxing
1,1,1,0,0,1,1,1,0,1,Boxing
1,1,1,0,0,1,0,1,1,1,Boxing
1,1,1,0,0,1,0,1,0,1,Boxing
1,1,0,1,1,1,1,1,1,1,Boxing
1,1,0,1,1,1,1,1,0,1,Boxing
1,1,0,1,1,1,0,1,1,1,Boxing
1,1,0,1,1,1,0,1,0,1,Boxing
1,1,0,1,0,1,1,1,1,1,Boxing
1,1,0,1,0,1,1,1,0,1,Boxing
1,1,0,1,0,1,0,1,1,1,Boxing
1,1,0,1,0,1,0,1,0,1,Boxing
1,1,0,0,1,1,1,1,1,1,Boxing
1,1,0,0,1,1,1,1,0,1,Boxing
1,1,0,0,1,1,0,1,1,1,Boxing
1,1,0,0,1,1,0,1,0,1,Boxing
1,1,0,0,0,1,1,1,1,1,Boxing
1,1,0,0,0,1,1,1,0,1,Boxing
1,1,0,0,0,1,0,1,1,1,Boxing
1,1,0,0,0,1,0,1,0,1,Boxing
1,1,1,1,1,1,1,1,1,1,Bong ban
1,1,1,1,1,1,1,1,0,1,Bong ban
1,1,1,0,1,1,1,1,1,1,Bong ban
1,1,1,0,1,1,1,1,0,1,Bong ban
1,1,0,1,1,1,1,1,1,1,Bong ban
1,1,0,1,1,1,1,1,0,1,Bong ban
1,1,0,0,1,1,1,1,1,1,Bong ban
1,1,0,0,1,1,1,1,0,1,Bong ban
1,0,1,1,1,1,1,1,1,1,Bong ban
1,0,1,1,1,1,1,1,0,1,Bong ban
1,0,1,0,1,1,1,1,1,1,Bong ban
1,0,1,0,1,1,1,1,0,1,Bong ban
1,0,0,1,1,1,1,1,1,1,Bong ban
1,0,0,1,1,1,1,1,0,1,Bong ban
1,0,0,0,1,1,1,1,1,1,Bong ban
1,0,0,0,1,1,1,1,0,1,Bong ban
0,1,1,1,1,1,1,1,1,1,Bong ban
0,1,1,1,1,1,1,1,0,1,Bong ban
0,1,1,0,1,1,1,1,1,1,Bong ban
0,1,1,0,1,1,1,1,0,1,Bong ban
0,1,0,1,1,1,1,1,1,1,Bong ban
0,1,0,1,1,1,1,1,0,1,Bong ban
0,1,0,0,1,1,1,1,1,1,Bong ban
0,1,0,0,1,1,1,1,0,1,Bong ban
0,0,1,1,1,1,1,1,1,1,Bong ban
0,0,1,1,1,1,1,1,0,1,Bong ban
0,0,1,0,1,1,1,1,1,1,Bong ban
0,0,1,0,1,1,1,1,0,1,Bong ban
0,0,0,1,1,1,1,1,1,1,Bong ban
0,0,0,1,1,1,1,1,0,1,Bong ban
0,0,0,0,1,1,1,1,1,1,Bong ban
0,0,0,0,1,1,1,1,0,1,Bong ban
1,1,1,1,1,1,1,1,1,1,Cau long
1,1,1,1,1,1,1,1,0,1,Cau long
1,1,1,1,1,1,0,1,1,1,Cau long
1,1,1,1,1,1,0,1,0,1,Cau long
1,1,0,1,1,1,1,1,1,1,Cau long
1,1,0,1,1,1,1,1,0,1,Cau long
1,1,0,1,1,1,0,1,1,1,Cau long
1,1,0,1,1,1,0,1,0,1,Cau long
1,0,1,1,1,1,1,1,1,1,Cau long
1,0,1,1,1,1,1,1,0,1,Cau long
1,0,1,1,1,1,0,1,1,1,Cau long
1,0,1,1,1,1,0,1,0,1,Cau long
1,0,0,1,1,1,1,1,1,1,Cau long
1,0,0,1,1,1,1,1,0,1,Cau long
1,0,0,1,1,1,0,1,1,1,Cau long
1,0,0,1,1,1,0,1,0,1,Cau long
0,1,1,1,1,1,1,1,1,1,Cau long
0,1,1,1,1,1,1,1,0,1,Cau long
0,1,1,1,1,1,0,1,1,1,Cau long
0,1,1,1,1,1,0,1,0,1,Cau long
0,1,0,1,1,1,1,1,1,1,Cau long
0,1,0,1,1,1,1,1,0,1,Cau long
0,1,0,1,1,1,0,1,1,1,Cau long
0,1,0,1,1,1,0,1,0,1,Cau long
0,0,1,1,1,1,1,1,1,1,Cau long
0,0,1,1,1,1,1,1,0,1,Cau long
0,0,1,1,1,1,0,1,1,1,Cau long
0,0,1,1,1,1,0,1,0,1,Cau long
0,0,0,1,1,1,1,1,1,1,Cau long
0,0,0,1,1,1,1,1,0,1,Cau long
0,0,0,1,1,1,0,1,1,1,Cau long
0,0,0,1,1,1,0,1,0,1,Cau long
1,1,1,1,1,1,1,1,1,1,Dap xe
1,1,1,1,1,1,1,1,1,0,Dap xe
1,1,1,1,1,1,1,1,0,1,Dap xe
1,1,1,1,1,1,1,1,0,0,Dap xe
1,1,1,1,1,1,0,1,1,1,Dap xe
1,1,1,1,1,1,0,1,1,0,Dap xe
1,1,1,1,1,1,0,1,0,1,Dap xe
1,1,1,1,1,1,0,1,0,0,Dap xe
1,1,1,0,1,1,1,1,1,1,Dap xe
1,1,1,0,1,1,1,1,1,0,Dap xe
1,1,1,0,1,1,1,1,0,1,Dap xe
1,1,1,0,1,1,1,1,0,0,Dap xe
1,1,1,0,1,1,0,1,1,1,Dap xe
1,1,1,0,1,1,0,1,1,0,Dap xe
1,1,1,0,1,1,0,1,0,1,Dap xe
1,1,1,0,1,1,0,1,0,0,Dap xe
1,1,0,1,1,1,1,1,1,1,Dap xe
1,1,0,1,1,1,1,1,1,0,Dap xe
1,1,0,1,1,1,1,1,0,1,Dap xe
1,1,0,1,1,1,1,1,0,0,Dap xe
1,1,0,1,1,1,0,1,1,1,Dap xe
1,1,0,1,1,1,0,1,1,0,Dap xe
1,1,0,1,1,1,0,1,0,1,Dap xe
1,1,0,1,1,1,0,1,0,0,Dap xe
1,1,0,0,1,1,1,1,1,1,Dap xe
1,1,0,0,1,1,1,1,1,0,Dap xe
1,1,0,0,1,1,1,1,0,1,Dap xe
1,1,0,0,1,1,1,1,0,0,Dap xe
1,1,0,0,1,1,0,1,1,1,Dap xe
1,1,0,0,1,1,0,1,1,0,Dap xe
1,1,0,0,1,1,0,1,0,1,Dap xe
1,1,0,0,1,1,0,1,0,0,Dap xe
1,0,1,1,1,1,1,1,1,1,Dap xe
1,0,1,1,1,1,1,1,1,0,Dap xe
1,0,1,1,1,1,1,1,0,1,Dap xe
1,0,1,1,1,1,1,1,0,0,Dap xe
1,0,1,1,1,1,0,1,1,1,Dap xe
1,0,1,1,1,1,0,1,1,0,Dap xe
1,0,1,1,1,1,0,1,0,1,Dap xe
1,0,1,1,1,1,0,1,0,0,Dap xe
1,0,1,0,1,1,1,1,1,1,Dap xe
1,0,1,0,1,1,1,1,1,0,Dap xe
1,0,1,0,1,1,1,1,0,1,Dap xe
1,0,1,0,1,1,1,1,0,0,Dap xe
1,0,1,0,1,1,0,1,1,1,Dap xe
1,0,1,0,1,1,0,1,1,0,Dap xe
1,0,1,0,1,1,0,1,0,1,Dap xe
1,0,1,0,1,1,0,1,0,0,Dap xe
1,0,0,1,1,1,1,1,1,1,Dap xe
1,0,0,1,1,1,1,1,1,0,Dap xe
1,0,0,1,1,1,1,1,0,1,Dap xe
1,0,0,1,1,1,1,1,0,0,Dap xe
1,0,0,1,1,1,0,1,1,1,Dap xe
1,0,0,1,1,1,0,1,1,0,Dap xe
1,0,0,1,1,1,0,1,0,1,Dap xe
1,0,0,1,1,1,0,1,0,0,Dap xe
1,0,0,0,1,1,1,1,1,1,Dap xe
1,0,0,0,1,1,1,1,1,0,Dap xe
1,0,0,0,1,1,1,1,0,1,Dap xe
1,0,0,0,1,1,1,1,0,0,Dap xe
1,0,0,0,1,1,0,1,1,1,Dap xe
1,0,0,0,1,1,0,1,1,0,Dap xe
1,0,0,0,1,1,0,1,0,1,Dap xe
1,0,0,0,1,1,0,1,0,0,Dap xe
0,1,1,1,1,1,1,1,1,1,Dap xe
0,1,1,1,1,1,1,1,1,0,Dap xe
0,1,1,1,1,1,1,1,0,1,Dap xe
0,1,1,1,1,1,1,1,0,0,Dap xe
0,1,1,1,1,1,0,1,1,1,Dap xe
0,1,1,1,1,1,0,1,1,0,Dap xe
0,1,1,1,1,1,0,1,0,1,Dap xe
0,1,1,1,1,1,0,1,0,0,Dap xe
0,1,1,0,1,1,1,1,1,1,Dap xe
0,1,1,0,1,1,1,1,1,0,Dap xe
0,1,1,0,1,1,1,1,0,1,Dap xe
0,1,1,0,1,1,1,1,0,0,Dap xe
0,1,1,0,1,1,0,1,1,1,Dap xe
0,1,1,0,1,1,0,1,1,0,Dap xe
0,1,1,0,1,1,0,1,0,1,Dap xe
0,1,1,0,1,1,0,1,0,0,Dap xe
0,1,0,1,1,1,1,1,1,1,Dap xe
0,1,0,1,1,1,1,1,1,0,Dap xe
0,1,0,1,1,1,1,1,0,1,Dap xe
0,1,0,1,1,1,1,1,0,0,Dap xe
0,1,0,1,1,1,0,1,1,1,Dap xe
0,1,0,1,1,1,0,1,1,0,Dap xe
0,1,0,1,1,1,0,1,0,1,Dap xe
0,1,0,1,1,1,0,1,0,0,Dap xe
0,1,0,0,1,1,1,1,1,1,Dap xe
0,1,0,0,1,1,1,1,1,0,Dap xe
0,1,0,0,1,1,1,1,0,1,Dap xe
0,1,0,0,1,1,1,1,0,0,Dap xe
0,1,0,0,1,1,0,1,1,1,Dap xe
0,1,0,0,1,1,0,1,1,0,Dap xe
0,1,0,0,1,1,0,1,0,1,Dap xe
0,1,0,0,1,1,0,1,0,0,Dap xe
0,0,1,1,1,1,1,1,1,1,Dap xe
0,0,1,1,1,1,1,1,1,0,Dap xe
0,0,1,1,1,1,1,1,0,1,Dap xe
0,0,1,1,1,1,1,1,0,0,Dap xe
0,0,1,1,1,1,0,1,1,1,Dap xe
0,0,1,1,1,1,0,1,1,0,Dap xe
0,0,1,1,1,1,0,1,0,1,Dap xe
0,0,1,1,1,1,0,1,0,0,Dap xe
0,0,1,0,1,1,1,1,1,1,Dap xe
0,0,1,0,1,1,1,1,1,0,Dap xe
0,0,1,0,1,1,1,1,0,1,Dap xe
0,0,1,0,1,1,1,1,0,0,Dap xe
0,0,1,0,1,1,0,1,1,1,Dap xe
0,0,1,0,1,1,0,1,1,0,Dap xe
0,0,1,0,1,1,0,1,0,1,Dap xe
0,0,1,0,1,1,0,1,0,0,Dap xe
0,0,0,1,1,1,1,1,1,1,Dap xe
0,0,0,1,1,1,1,1,1,0,Dap xe
0,0,0,1,1,1,1,1,0,1,Dap xe
0,0,0,1,1,1,1,1,0,0,Dap xe
0,0,0,1,1,1,0,1,1,1,Dap xe
0,0,0,1,1,1,0,1,1,0,Dap xe
0,0,0,1,1,1,0,1,0,1,Dap xe
0,0,0,1,1,1,0,1,0,0,Dap xe
0,0,0,0,1,1,1,1,1,1,Dap xe
0,0,0,0,1,1,1,1,1,0,Dap xe
0,0,0,0,1,1,1,1,0,1,Dap xe
0,0,0,0,1,1,1,1,0,0,Dap xe
0,0,0,0,1,1,0,1,1,1,Dap xe
0,0,0,0,1,1,0,1,1,0,Dap xe
0,0,0,0,1,1,0,1,0,1,Dap xe
0,0,0,0,1,1,0,1,0,0,Dap xe
1,1,1,1,1,1,1,1,1,1,Bong ro
1,1,1,1,0,1,1,1,1,1,Bong ro
1,1,1,0,1,1,1,1,1,1,Bong ro
1,1,1,0,0,1,1,1,1,1,Bong ro
1,1,0,1,1,1,1,1,1,1,Bong ro
1,1,0,1,0,1,1,1,1,1,Bong ro
1,1,0,0,1,1,1,1,1,1,Bong ro
1,1,0,0,0,1,1,1,1,1,Bong ro
1,1,1,1,1,1,1,1,1,1,Bong chuyen
1,1,1,1,1,1,1,1,0,1,Bong chuyen
1,1,0,1,1,1,1,1,1,1,Bong chuyen
1,1,0,1,1,1,1,1,0,1,Bong chuyen
1,0,1,1,1,1,1,1,1,1,Bong chuyen
1,0,1,1,1,1,1,1,0,1,Bong chuyen
1,0,0,1,1,1,1,1,1,1,Bong chuyen
1,0,0,1,1,1,1,1,0,1,Bong chuyen
0,0,0,1,1,1,1,1,1,1,The duc dung cu
0,0,0,1,1,1,1,1,1,0,The duc dung cu
0,0,0,1,1,1,1,1,0,1,The duc dung cu
0,0,0,1,1,1,1,1,0,0,The duc dung cu
0,0,0,1,0,1,1,1,1,1,The duc dung cu
0,0,0,1,0,1,1,1,1,0,The duc dung cu
0,0,0,1,0,1,1,1,0,1,The duc dung cu
0,0,0,1,0,1,1,1,0,0,The duc dung cu
0,0,0,0,1,1,1,1,1,1,The duc dung cu
0,0,0,0,1,1,1,1,1,0,The duc dung cu
0,0,0,0,1,1,1,1,0,1,The duc dung cu
0,0,0,0,1,1,1,1,0,0,The duc dung cu
0,0,0,0,0,1,1,1,1,1,The duc dung cu
0,0,0,0,0,1,1,1,1,0,The duc dung cu
0,0,0,0,0,1,1,1,0,1,The duc dung cu
0,0,0,0,0,1,1,1,0,0,The duc dung cu
